List of polyhedra with 9 vertices and degrees less or equal 4 in both primal and dual 
Total number: 28 
It includes duals to polytopes with 9 or less vertices... 
 
5  6  9 
4  7  8  9 
3  7  8 
2  6  7  9 
1  4  5  9 
1  3  4  8 
1  2  5  6 
1  2  3  7 

 
5  6  7 
4  8  9 
3  8  9 
2  6  7 
2  4  7  8 
1  4  5  7 
1  3  4  9 
1  2  5  6 
1  2  3  8 

 
5  6  9 
3  7  8 
2  4  7  8 
2  4  6  9 
1  4  5  9 
1  3  4  8 
1  2  5  6 
1  2  3  7 

 
5  6  9 
4  7  8  9 
3  7  8 
2  6  7  9 
2  5  6 
1  4  5  9 
1  3  4  8 
1  2  5 
1  2  3  7 

 
6  7  8  9 
5  6  9 
4  8  9 
3  7  8 
2  6  7 
1  4  5  9 
1  3  4  8 
1  2  5  6 
1  2  3  7 

 
6  8  9 
4  7  8  9 
3  4  7 
2  6  7  9 
2  5  6  8 
1  4  5  8 
1  3  4 
1  2  5 
1  2  3  7 

 
6  7  8  9 
4  8  9 
3  4  7  8 
2  6  7 
2  5  6  9 
1  4  5  9 
1  3  4 
1  2  5 
1  2  3  7 

 
7  8  9 
4  6  8  9 
3  7  8 
2  6  7  9 
2  5  6 
1  4  5  6 
1  3  4  8 
1  2  5 
1  2  3  7 

 
5  6  8  9 
4  7  8  9 
3  4  7 
2  6  7  9 
1  4  5  8 
1  3  4 
1  2  5  6 
1  2  3  7 

 
7  8  9 
5  6  8  9 
3  4  7  8 
2  6  7  9 
1  4  5  8 
1  3  4 
1  2  5  6 
1  2  3  7 

 
6  7  8  9 
4  8  9 
4  5  9 
3  7  8 
2  6  7 
2  5  6  9 
1  4  5 
1  3  4  8 
1  2  5 
1  2  3  7 

 
6  7  9 
5  6  8  9 
4  5  8 
3  7  8  9 
3  4  8 
2  6  7 
1  4  5 
1  3  4 
1  2  5  6 
1  2  3  7 

 
5  6  9 
4  7  8 
4  5  7  9 
3  7  8 
3  6  7  9 
2  5  6 
1  3  4  8 
1  2  4  5 
1  2  3  6 

 
6  7  8 
5  6  8  9 
4  8  9 
3  4  7  8 
2  3  6  7 
1  4  5  9 
1  3  4 
1  2  5  6 
1  2  3 

 
5  6  8  9 
4  5  8 
3  7  8  9 
3  4  8 
2  6  7  9 
1  4  5 
1  3  4 
1  2  5  6 
1  2  3  7 

 
6  8  9 
5  8  9 
5  7  8 
3  6  7  8 
3  4  7 
2  5  6  9 
2  4  5  7 
1  3  4 
1  2  4 
1  2  3  6 

 
6  7  9 
4  5  8  9 
3  7  8  9 
2  5  6  9 
2  3  6  7 
1  4  5 
1  3  4  8 
1  2  5 
1  2  3 

 
7  8  9 
5  6  8  9 
4  5  7  8 
3  6  7  9 
3  4  7 
2  5  6 
1  3  4 
1  2  4  5 
1  2  3  6 

 
7  8  9 
6  8  9 
4  5  7  8 
3  6  7  9 
3  4  7 
2  5  6  8 
1  3  4 
1  2  4  5 
1  2  3  6 

 
7  8  9 
6  8  9 
4  5  7  8 
3  6  7  9 
3  4  7 
2  5  6  8 
1  4  5 
1  3  4 
1  2  5 
1  2  3  6 

 
6  8  9 
4  5  9 
3  6  7  8 
3  4  8  9 
2  6  7 
2  5  6  9 
1  4  5 
1  3  4 
1  2  5 
1  2  3  7 

 
6  8  9 
6  7  8 
4  5  9 
3  7  8 
3  4  8  9 
2  6  7 
2  5  6  9 
1  4  5 
1  3  4 
1  2  5 
1  2  3  7 

 
4  6  9 
3  7  8 
3  4  6  8 
2  6  7  8 
2  5  6  9 
1  4  5  9 
1  3  4 
1  2  5 
1  2  3  7 

 
5  6  7 
4  8  9 
4  5  7  8 
3  8  9 
2  6  7 
2  3  7  8 
1  4  5 
1  3  4  9 
1  2  5  6 
1  2  3 

 
5  8  9 
4  7  8  9 
3  6  7  9 
2  5  6  9 
2  3  6 
1  4  5  8 
1  3  4  7 
1  2  5 
1  2  3 

 
4  6  8  9 
3  6  7  8 
2  6  7 
2  5  6  9 
1  4  5  9 
1  3  4  8 
1  2  5 
1  2  3  7 

 
6  7  9 
4  5  6  9 
3  7  8  9 
3  4  9 
2  7  8 
2  6  7 
1  4  5 
1  3  4 
1  2  5  6 
1  2  3  8 

 
6  8  9 
4  5  6  8 
3  7  8  9 
3  4  8 
2  6  7  9 
2  5  6 
1  4  5 
1  3  4 
1  2  5 
1  2  3  7 

 
