List of polyhedra with 13 vertices and degrees less or equal 4 in both primal and dual 
Total number: 196 
It includes duals to polytopes with 13 or less vertices... 
 
8  11  12  13 
7  12  13 
7  11  12 
5   9  10 
4   9  10 
3   6   8  11 
3  5  6  9 
2   7   8  13 
2   6   7  11 
1   4   5  10 
1  3  4  9 
1  2  5  6 
1  2  3  8 

 
11  12  13 
7  12  13 
7  11  12 
6   8  11  13 
4   9  10 
3   5   9  10 
3  5  6  8 
2   7   8  13 
2   6   7  11 
1   4   5  10 
1  3  4  9 
1  2  5  6 
1  2  3  8 

 
7  11  12 
6  11  12 
5   8  10  13 
5   6   8  11 
4   9  10  13 
3   8   9  13 
3   7   8  11 
2   6   7  12 
1   4   5  10 
1  3  4  9 
1  2  5  6 
1  2  3  7 

 
9  10  13 
7  11  12 
6  11  12 
5   8  10  13 
5   6   8  11 
4   9  10 
3   8   9  13 
3   7   8  11 
2   6   7  12 
1   4   5  10 
1  3  4  9 
1  2  5  6 
1  2  3  7 

 
8   9  12  13 
7  11  12  13 
5   6   7  11 
4  10  11  13 
3   9  10  13 
3  8  9 
2   7   8  12 
2  6  7 
1   4   5  11 
1   3   4  10 
1  2  5  6 
1  2  3  8 

 
8  10  11  13 
7  12  13 
6  11  12  13 
5  10  11 
4   8   9  10 
3  8  9 
3   7   8  13 
2   6   7  12 
2   5   6  11 
1   4   5  10 
1  3  4  9 
1  2  5 
1  2  3  7 

 
9  11  12  13 
7   8  12  13 
5   9  10  11 
5   6  11  12 
3   8   9  13 
3   4   9  10 
2  7  8 
2   6   7  12 
1   4   5  10 
1  3  4 
1  2  5  6 
1  2  3  8 

 
7  12  13 
5   7  11  12 
5   6  12  13 
4   9  10 
4   8  10  11 
3   8   9  10 
2   7   8  11 
2   6   7  13 
1   4   5  11 
1  3  4  9 
1  2  5  6 
1  2  3  8 

 
7  12  13 
6  12  13 
5   7  11  12 
5   6  12 
4   9  10 
4   8  10  11 
3   8   9  10 
2   7   8  11 
2   6   7  13 
1   4   5  11 
1  3  4  9 
1  2  5  6 
1  2  3  8 

 
8  11  12  13 
5   7  11  12 
5  6  7 
4   9  11  13 
4   9  10 
3   9  10 
3   8   9  13 
2   7   8  12 
2  6  7 
1   4   5  11 
1   3   4  10 
1  2  5  6 
1  2  3  8 

 
8  10  12  13 
7  12  13 
7  11  12 
6  10  11  12 
5   6   9  10 
4  5  9 
3   8   9  10 
3  4  9 
2   7   8  13 
2   6   7  11 
1  4  5 
1  3  4 
1  2  5  6 
1  2  3  8 

 
8  10  12  13 
7  11  12  13 
6  10  11  13 
5   6   9  10 
4  5  9 
3   8   9  10 
3  4  9 
2   7   8  12 
2   6   7  11 
1  4  5 
1  3  4 
1  2  5  6 
1  2  3  8 

 
10  11  12  13 
9  12  13 
5   8  11  12 
5  6  7  8 
4  10  11 
4   9  10  13 
3   8   9  12 
3  7  8 
2  6  7 
1   4   5  11 
1  3  4  9 
1  2  5  6 
1  2  3  7 

 
11  12  13 
9  10  12  13 
5   8  11  12 
5  6  7  8 
4  10  11  13 
4   9  10 
3   8   9  12 
3  7  8 
2  6  7 
1   4   5  11 
1  3  4  9 
1  2  5  6 
1  2  3  7 

 
9  10  13 
8  11  12  13 
5   7  11  12 
5  6  7 
4  10  11  13 
4   9  10 
3   8   9  13 
2   7   8  12 
2  6  7 
1   4   5  11 
1  3  4  9 
1  2  5  6 
1  2  3  8 

 
7   9  12  13 
6   9  11  12 
5   6  10  11 
4   9  10  11 
4   8   9  13 
3   7   8  13 
2   6   7  12 
1   4   5  10 
1  3  4  8 
1  2  5  6 
1  2  3  7 

 
9  11  12  13 
7   8  11  12 
6  10  11  13 
5   6  10 
4   9  10  13 
3   8   9  12 
2  7  8 
2   6   7  11 
1   4   5  10 
1  3  4  9 
1  2  5  6 
1  2  3  8 

 
8  11  12 
8  10  12  13 
7  10  11  12 
6   9  10  13 
4  6  9 
3   8   9  13 
3   7   8  11 
2   6   7  10 
2  4  5  6 
1  4  5 
1  3  4  9 
1  2  5 
1  2  3  7 

 
9  10  12  13 
7  11  12 
7   8  12  13 
6  10  11  12 
5   6   9  10 
3   8   9  13 
3  4  5  9 
2  7  8 
2   6   7  11 
1  4  5 
1  3  4 
1  2  5  6 
1  2  3  8 

 
11  12  13 
7  11  13 
6  12  13 
5   7  10  11 
5   6  11  12 
4   8   9  10 
3  8  9 
3  4  9 
2   7   8  10 
2   6   7  13 
1   4   5  10 
1  3  4 
1  2  5  6 
1  2  3  8 

 
8  10  12  13 
6   7  12  13 
5   6  11  12 
4  10  11  12 
4   8   9  10 
3  8  9 
3   7   8  13 
2  6  7 
1   4   5  11 
1  3  4  9 
1  2  5  6 
1  2  3  7 

 
9  10  11  13 
7   8  12  13 
6  11  12  13 
5   6  10  11 
4   9  10 
4   5  10 
3   8   9  13 
3  7  8 
2   6   7  12 
1  4  5 
1  3  4  9 
1  2  5  6 
1  2  3  7 

 
8  10  12  13 
7  10  11  12 
5   9  10  13 
5   6  10  11 
4   8   9  13 
3   7   8  12 
3  4  8 
2   6   7  11 
1  4  5  9 
1  3  4 
1  2  5  6 
1  2  3  7 

 
9  10  11  13 
8  12  13 
7  11  12  13 
5   6  10  11 
4   9  10 
3   8   9  13 
3  4  9 
2   7   8  12 
2   6   7  11 
1   4   5  10 
1  3  4 
1  2  5  6 
1  2  3  8 

 
8  11  12  13 
8   9  10  13 
6   7  11  12 
5  10  11  13 
4   9  10 
3  8  9 
3   7   8  12 
2  6  7 
2   5   6  11 
1   4   5  10 
1  3  4  9 
1  2  5 
1  2  3  7 

 
9  10  11  13 
7   8  12  13 
6  11  12  13 
5   6  10  11 
4   9  10 
4   8   9  13 
3  7  8 
2   6   7  12 
2  5  6 
1   4   5  10 
1  3  4  8 
1  2  5 
1  2  3  7 

 
8  11  12  13 
8   9  10  13 
6   7  11  12 
5  10  11  13 
4   9  10 
3   7   8  12 
3  4  8  9 
2  6  7 
2   5   6  11 
1   4   5  10 
1  3  4 
1  2  5 
1  2  3  7 

 
10  11  13 
8   9  12  13 
7  11  12  13 
6  10  11 
5   9  10  13 
5   6  10 
4  8  9 
3   7   8  12 
3  4  8 
2   6   7  11 
1  4  5  9 
1  3  4 
1  2  5  6 
1  2  3  7 

 
9  10  11  12 
6   7   8  13 
5   9  12  13 
5   6  13 
4  11  12 
4  10  11 
3   9  10 
3   8   9  13 
2  7  8 
2  6  7 
1   4   5  12 
1   3   4  10 
1  2  5  6 
1  2  3  8 

 
8  10  11  13 
7   8  11  12 
5  10  11 
5   6  11  12 
4   9  10  13 
3   8   9  13 
3  7  8 
2   6   7  12 
1   4   5  10 
1  3  4  9 
1  2  5  6 
1  2  3  7 

 
8  11  12  13 
8   9  10  13 
6   7  11  12 
5  10  11  13 
5   6  11 
4   9  10 
3  8  9 
3   7   8  12 
2  6  7 
1   4   5  10 
1  3  4  9 
1  2  5  6 
1  2  3  7 

 
10  11  12  13 
7   8  12  13 
5  10  11 
5   6  11  12 
4   9  10  13 
3   8   9  13 
3  7  8 
2   6   7  12 
1   4   5  10 
1  3  4  9 
1  2  5  6 
1  2  3  7 

 
9  10  11  13 
7  11  12  13 
5  10  11 
5   6  11  12 
4   9  10 
4   8   9  13 
3   7   8  13 
2   6   7  12 
1   4   5  10 
1  3  4  8 
1  2  5  6 
1  2  3  7 

 
9  10  11  12 
7   9  12  13 
6   7  11  12 
5  10  11 
5   6  11 
3   8   9  13 
3   4   9  10 
2   7   8  13 
2  6  7 
1   4   5  10 
1  3  4 
1  2  5  6 
1  2  3  8 

 
8  11  12  13 
8   9  10  13 
7  11  12 
6  10  11  13 
5   9  10 
5   6  10 
3   7   8  12 
3  4  8  9 
2   6   7  11 
1  4  5  9 
1  3  4 
1  2  5  6 
1  2  3  7 

 
8  11  12  13 
8   9  10  13 
7  11  12 
6  10  11  13 
4   9  10 
4   5   6  10 
3  8  9 
3   7   8  12 
2   6   7  11 
1  4  5 
1  3  4  9 
1  2  5  6 
1  2  3  7 

 
8  11  12  13 
8   9  10  13 
7  11  12 
6  10  11  13 
5   6  10 
4   5   9  10 
3  8  9 
3   7   8  12 
2   6   7  11 
1  4  5 
1  3  4  9 
1  2  5  6 
1  2  3  7 

 
8  10  12  13 
7  11  12  13 
6  10  11  13 
6   8   9  10 
3   7   8  12 
3  4  8  9 
2   6   7  11 
2  5  6  9 
1  4  5  9 
1  3  4 
1  2  5 
1  2  3  7 

 
8  12  13 
8   9  10  13 
7  11  12  13 
6  10  11  13 
5   9  10 
3   7   8  12 
3  4  8  9 
2   6   7  11 
2   5   6  10 
1  4  5  9 
1  3  4 
1  2  5 
1  2  3  7 

 
9  11  12  13 
8  12  13 
7  11  12 
6   7  10  11 
5   6  10 
4   9  10  11 
4   5  10 
3   8   9  13 
2   7   8  12 
2  6  7 
1  4  5 
1  3  4  9 
1  2  5  6 
1  2  3  8 

 
9  11  13 
8  12  13 
7  11  12  13 
6   7  10  11 
5   6  10 
4   9  10  11 
4   5  10 
3   8   9  13 
2   7   8  12 
2  6  7 
1  4  5 
1  3  4  9 
1  2  5  6 
1  2  3  8 

 
11  12  13 
9  12  13 
7   8  11  12 
6  10  11  13 
5   6  10 
4   9  10  13 
4   5  10 
3   8   9  12 
2  7  8 
2   6   7  11 
1  4  5 
1  3  4  9 
1  2  5  6 
1  2  3  8 

 
8  10  12  13 
7  11  12  13 
6  10  11  13 
5   6   9  10 
4   8   9  10 
3   7   8  12 
3  4  8 
2   6   7  11 
2  5  6 
1  4  5  9 
1  3  4 
1  2  5 
1  2  3  7 

 
8   9  10  12 
6  10  11  12 
6   8  12  13 
4   9  10 
4   5  10  11 
3  8  9 
3   7   8  13 
2   6   7  13 
2   5   6  11 
1  3  4  9 
1  2  4  5 
1  2  3  7 

 
9  10  11  13 
7  11  12  13 
7   8   9  13 
5  10  11 
5   6  11  12 
4   9  10 
3  4  8  9 
2   6   7  12 
2  3  7  8 
1   4   5  10 
1  3  4 
1  2  5  6 
1  2  3 

 
9  10  11  13 
8   9  13 
7  11  12  13 
7   8  13 
5  10  11 
5   6  11  12 
4   9  10 
3  4  8  9 
2   6   7  12 
2  3  7  8 
1   4   5  10 
1  3  4 
1  2  5  6 
1  2  3 

 
11  12  13 
9  12  13 
7   8   9  12 
6   7  11  12 
5  10  11  13 
5   6  11 
4   9  10  13 
3  4  8  9 
2  6  7 
2  3  7  8 
1   4   5  10 
1  3  4 
1  2  5  6 
1  2  3 

 
11  12  13 
9  10  13 
8   9  12  13 
7   8  12 
6   7  11  12 
5  10  11  13 
5   6  11 
4   9  10 
3  4  8  9 
2  6  7 
2  3  7  8 
1   4   5  10 
1  3  4 
1  2  5  6 
1  2  3 

 
11  12  13 
10  12  13 
8   9  11  12 
7  10  11  13 
6   9  10  12 
4  5  8  9 
3   7   8  11 
3   6   7  10 
2  5  6  9 
1  4  5 
1  3  4  8 
1  2  5 
1  2  3  6 

 
10  11  13 
9  11  12  13 
7  11  12 
7  10  11 
6   9  10  13 
5   8   9  12 
4  5  8 
3   7   8  12 
3   6   7  10 
2  5  6  9 
1  3  4  8 
1  2  4  5 
1  2  3  6 

 
10  12  13 
9  10  12 
8  11  12  13 
6  10  11  13 
6   9  10 
5   8   9  12 
4   7   8  11 
3  4  7 
2   6   7  11 
2  5  6  9 
1  4  5  8 
1  3  4 
1  2  5 
1  2  3  7 

 
9  12  13 
8  12  13 
7   9  11  12 
6  10  11 
5   9  10  11 
5   8   9  13 
4   7   8  12 
3   6   7  11 
2   5   6  10 
2  4  5  8 
1  3  4  7 
1  2  4 
1  2  3  6 

 
9  11  12  13 
7  11  12 
7  10  11  13 
5   9  10  13 
4   8   9  12 
3   7   8  12 
3   6   7  10 
2   5   6  10 
1  4  5  9 
1  3  4  8 
1  2  5 
1  2  3  6 

 
10  12  13 
8  11  12  13 
7  10  11  13 
6   9  10  12 
5  6  9 
4   8   9  12 
3   7   8  11 
3  4  8 
2   6   7  10 
2  5  6 
1  4  5  9 
1  3  4 
1  2  5 
1  2  3  7 

 
9  10  12  13 
7  11  12  13 
6  10  11  13 
6   9  10 
5   8   9  12 
4  5  8 
3   7   8  12 
2   6   7  11 
2  5  6  9 
1  3  4  8 
1  2  4  5 
1  2  3  7 

 
9  10  12  13 
7  11  12  13 
6  10  11  13 
6   9  10 
5   8   9  12 
3   7   8  12 
3  4  8 
2   6   7  11 
2  5  6  9 
1  4  5  8 
1  3  4 
1  2  5 
1  2  3  7 

 
10  12  13 
8   9  12  13 
7  10  11  12 
6  10  11 
6   9  10  13 
4  5  8  9 
3   7   8  12 
2   6   7  11 
2  5  6  9 
1  3  4  8 
1  2  4  5 
1  2  3  7 

 
8  12  13 
7  11  12  13 
6   9  11  13 
4   6   9  10 
3   8   9  13 
3   7   8  12 
2   6   7  11 
2   5   6  10 
1   4   5  10 
1  3  4  9 
1  2  5 
1  2  3  7 

 
8  12  13 
7  11  12  13 
6   9  11  13 
4   6   9  10 
4   5  10 
3   8   9  13 
3   7   8  12 
2   6   7  11 
2   5   6  10 
1  4  5 
1  3  4  9 
1  2  5 
1  2  3  7 

 
9  11  12  13 
6  10  11  13 
6   7  11  12 
4   9  10  13 
4   8   9  12 
3   7   8  12 
2   5   6  10 
2  3  6  7 
1   4   5  10 
1  3  4  8 
1  2  5 
1  2  3 

 
9  11  12  13 
8  12  13 
6  10  11 
6   7  11  12 
4   9  10  11 
4   8   9  13 
3   7   8  12 
2   5   6  10 
2  3  6  7 
1   4   5  10 
1  3  4  8 
1  2  5 
1  2  3 

 
9  12  13 
7  11  12  13 
7   8   9  12 
6  10  11  13 
5   9  10  13 
4  5  8  9 
3   6   7  11 
3  4  7  8 
2   5   6  10 
1  3  4 
1  2  4  5 
1  2  3  6 

 
9  10  12  13 
7  12  13 
7  10  11  12 
5   6  11 
4   5  10  11 
3   8   9  13 
3   4   9  10 
2   7   8  13 
2   6   7  11 
1  4  5 
1  3  4 
1  2  5  6 
1  2  3  8 

 
7  10  11  12 
7   9  10  13 
5   6  11  12 
4   5  10  11 
3   8   9  13 
3   4   9  10 
2   7   8  13 
2   6   7  12 
1  4  5 
1  3  4 
1  2  5  6 
1  2  3  8 

 
7   9  11  13 
5   6  12  13 
4  11  12  13 
4  10  11 
3   9  10  11 
3  7  8  9 
2  7  8 
2   6   7  13 
1   4   5  12 
1   3   4  10 
1  2  5  6 
1  2  3  8 

 
9  11  12  13 
7  12  13 
7   8  13 
5   6  11  12 
4   5  10  11 
3   9  10  11 
3   8   9  13 
2  7  8 
2   6   7  12 
1  4  5 
1   3   4  10 
1  2  5  6 
1  2  3  8 

 
9  10  11  13 
8   9  12  13 
7  11  12  13 
6  10  11 
4  8  9 
4   5   9  10 
3   7   8  12 
3   6   7  11 
2   5   6  10 
1  4  5 
1  3  4  8 
1  2  5 
1  2  3  6 

 
11  12  13 
9  10  12  13 
7   8  11  12 
6  10  11  13 
4   5   6  10 
3   8   9  12 
3   4   9  10 
2  7  8 
2   6   7  11 
1  4  5 
1  3  4 
1  2  5  6 
1  2  3  8 

 
9  10  12  13 
7  11  12  13 
7   8  12 
6  10  11  13 
4   5   6  10 
3   8   9  12 
3   4   9  10 
2  7  8 
2   6   7  11 
1  4  5 
1  3  4 
1  2  5  6 
1  2  3  8 

 
10  11  12  13 
8  12  13 
8  11  12 
6   7  10  11 
4   9  10  13 
4   5   6  10 
3   8   9  13 
3   7   8  11 
2  6  7 
1  4  5 
1  3  4  9 
1  2  5  6 
1  2  3  7 

 
10  11  12  13 
8   9  10  13 
7  12  13 
7  11  12 
5   9  10 
5   6  10  11 
3  4  8  9 
2   7   8  13 
2   6   7  11 
1  4  5  9 
1  3  4 
1  2  5  6 
1  2  3  8 

 
8  11  12  13 
8  10  13 
7  11  12 
6  10  11  13 
5   6   9  10 
4  5  9 
3   8   9  10 
3   7   8  12 
2   6   7  11 
2  5  6 
1  3  4  9 
1  2  4  5 
1  2  3  7 

 
10  11  12  13 
8   9  10  13 
7  12  13 
7  11  12 
5   6  10  11 
4   5   9  10 
3  4  8  9 
2   7   8  13 
2   6   7  11 
1  4  5 
1  3  4 
1  2  5  6 
1  2  3  8 

 
9  10  11  12 
7   9  12  13 
6  11  12 
6  10  11 
4   8   9  13 
4   5   9  10 
3   7   8  13 
2   6   7  12 
2   5   6  10 
1  4  5 
1  3  4  8 
1  2  5 
1  2  3  7 

 
8   9  13 
7  10  11  12 
7   9  12  13 
6  10  11 
5   9  10  12 
4  5  8  9 
3   7   8  13 
3   6   7  11 
2   5   6  10 
2  4  5 
1  3  4  8 
1  2  4 
1  2  3  6 

 
7  10  12  13 
7   8   9  10 
6  11  12  13 
5   6  11 
4  10  11  13 
4   9  10 
3  8  9 
2   6   7  12 
2  3  7  8 
1   4   5  11 
1  3  4  9 
1  2  5  6 
1  2  3 

 
11  12  13 
8  12  13 
7  11  12 
6   9  11  13 
5   6   9  10 
4   5  10 
3   8   9  13 
3   4   9  10 
2   7   8  12 
2   6   7  11 
1  4  5 
1  3  4 
1  2  5  6 
1  2  3  8 

 
11  12  13 
9  10  12  13 
7   8  11  12 
6  10  11  13 
5   6   9  10 
4   8   9  12 
3  4  7  8 
2   6   7  11 
2  5  6 
1  4  5  9 
1  3  4 
1  2  5 
1  2  3  7 

 
7  11  12  13 
7  10  13 
6  11  12 
5  10  11  13 
5   8   9  10 
4  8  9 
3   7   8  10 
3   6   7  12 
2   5   6  11 
2  4  5  9 
1  3  4  8 
1  2  4 
1  2  3  6 

 
8  11  12  13 
8   9  10  13 
6  11  12 
6  10  11  13 
5   9  10 
3   7   8  12 
3  4  8  9 
2   6   7  12 
2   5   6  10 
1  4  5  9 
1  3  4 
1  2  5 
1  2  3  7 

 
9  10  12  13 
7  11  12  13 
6  10  11  13 
6   7  11 
4   8   9  12 
4   5   9  10 
3   7   8  12 
2   5   6  10 
2  3  6  7 
1  4  5 
1  3  4  8 
1  2  5 
1  2  3 

 
10  11  12 
7   9  13 
6   9  12  13 
5   6  11  12 
4  10  11 
4   5  11 
3   9  10  12 
3  7  8  9 
2  7  8 
2   6   7  13 
1  4  5 
1   3   4  10 
1  2  5  6 
1  2  3  8 

 
9  10  13 
8  10  12  13 
7  11  12 
5   6   7  11 
4  10  11  12 
3   8   9  13 
3   4   9  10 
2   7   8  12 
2  6  7 
1   4   5  11 
1  3  4 
1  2  5  6 
1  2  3  8 

 
11  12  13 
9  10  13 
8   9  12  13 
7  11  12 
6  10  11  13 
5   6  10 
4   5   9  10 
3  4  8  9 
2   7   8  12 
2   6   7  11 
1  4  5 
1  3  4 
1  2  5  6 
1  2  3  8 

 
10  11  13 
8   9  12  13 
7  11  12  13 
6  10  11 
6   9  10  13 
4  5  8  9 
3   7   8  12 
2   6   7  11 
2  5  6  9 
1  3  4  8 
1  2  4  5 
1  2  3  7 

 
10  12  13 
9  10  13 
8   9  12  13 
7   8  11  12 
6  10  11  12 
5   6   9  10 
4  5  8  9 
3  4  7  8 
2   6   7  11 
1  4  5 
1  3  4 
1  2  5  6 
1  2  3  7 

 
10  11  12  13 
7   9  12  13 
6   7  11  12 
5   6  10  11 
4   9  10  13 
4  8  9 
3  7  8  9 
2  3  6  7 
1   4   5  10 
1  3  4  8 
1  2  5  6 
1  2  3 

 
9  10  13 
8   9  12  13 
7  11  12  13 
6  10  11  13 
5   6   9  10 
4  5  8  9 
3   7   8  12 
2   6   7  11 
2  5  6 
1  3  4  8 
1  2  4  5 
1  2  3  7 

 
7   9  12  13 
5   9  11  12 
5   6  12 
4  10  11 
3   9  10  11 
3   8   9  13 
2   7   8  13 
2   6   7  12 
1   4   5  11 
1   3   4  10 
1  2  5  6 
1  2  3  8 

 
7  12  13 
6   9  12  13 
5   6   9  11 
4  10  11 
3   9  10  11 
3   8   9  13 
2   7   8  13 
2   6   7  12 
1   4   5  11 
1   3   4  10 
1  2  5  6 
1  2  3  8 

 
9  12  13 
8  11  12  13 
8   9  12 
5  10  11  13 
5   6   7  11 
4   9  10  13 
3   7   8  11 
3  4  8  9 
2  6  7 
1   4   5  10 
1  3  4 
1  2  5  6 
1  2  3  7 

 
10  11  12  13 
8   9  12  13 
7  11  12 
6   7  11 
5   6  10  11 
4   9  10  13 
3  4  8  9 
2   7   8  12 
2  6  7 
1   4   5  10 
1  3  4 
1  2  5  6 
1  2  3  8 

 
10  11  12  13 
7   9  12  13 
6  11  12 
5  10  11 
4   9  10  13 
4  8  9 
3  7  8  9 
3   6   7  12 
2   5   6  11 
1   4   5  10 
1  3  4  8 
1  2  5 
1  2  3  6 

 
11  12  13 
8   9  10  13 
7   8  12  13 
6  11  12 
6  10  11  13 
5   9  10 
3  7  8 
3  4  8  9 
2   6   7  12 
2   5   6  10 
1  4  5  9 
1  3  4 
1  2  5 
1  2  3  7 

 
10  11  12  13 
7  11  12 
7   8  12  13 
5   6  10  11 
4   9  10  13 
3   8   9  13 
2  7  8 
2   6   7  11 
1   4   5  10 
1  3  4  9 
1  2  5  6 
1  2  3  8 

 
9  10  12  13 
8  12  13 
8  11  12 
6  10  11  12 
5   9  10 
4   8   9  13 
4   7   8  11 
3   6   7  11 
2   5   6  10 
1  4  5  9 
1  3  4  7 
1  2  5 
1  2  3  6 

 
9  10  12  13 
8  11  12  13 
7   8  11 
6  10  11  13 
5   9  10 
4   8   9  12 
4  7  8 
3   6   7  11 
2   5   6  10 
1  4  5  9 
1  3  4  7 
1  2  5 
1  2  3  6 

 
8   9  11  13 
7   8  11  12 
6  11  12 
6  10  11  13 
5   9  10  13 
4  8  9 
3  4  7  8 
2   6   7  12 
2   5   6  10 
1  4  5  9 
1  3  4 
1  2  5 
1  2  3  7 

 
9  10  11  12 
8   9  12  13 
7  12  13 
7  11  12 
5   6  10  11 
4   9  10 
3  4  8  9 
2   7   8  13 
2   6   7  11 
1   4   5  10 
1  3  4 
1  2  5  6 
1  2  3  8 

 
10  11  13 
8   9  12  13 
7  11  12  13 
5   6  10  11 
4   9  10  13 
3  4  8  9 
2   7   8  12 
2   6   7  11 
1   4   5  10 
1  3  4 
1  2  5  6 
1  2  3  8 

 
9  10  11  13 
8   9  12  13 
7  11  12  13 
6   7  11 
5   6  10  11 
4   9  10 
3  4  8  9 
2   7   8  12 
2  6  7 
1   4   5  10 
1  3  4 
1  2  5  6 
1  2  3  8 

 
9  10  11  13 
7  11  12  13 
6  11  12 
6  10  11 
5   9  10 
4   8   9  13 
3   7   8  13 
2   6   7  12 
2   5   6  10 
1  4  5  9 
1  3  4  8 
1  2  5 
1  2  3  7 

 
9  10  12  13 
7  11  12  13 
6  10  11  13 
5   9  10 
4   8   9  12 
3   7   8  12 
2   6   7  11 
2   5   6  10 
1  4  5  9 
1  3  4  8 
1  2  5 
1  2  3  7 

 
8   9  11  13 
7   8  11  12 
6  11  12 
6  10  11  13 
4   9  10  13 
3  7  8 
3  4  8  9 
2   6   7  12 
2   5   6  10 
1   4   5  10 
1  3  4 
1  2  5 
1  2  3  7 

 
11  12  13 
8   9  10  13 
7   8  12  13 
6  11  12 
6  10  11  13 
5   9  10 
4  8  9 
3  4  7  8 
2   6   7  12 
2   5   6  10 
1  4  5  9 
1  3  4 
1  2  5 
1  2  3  7 

 
11  12  13 
9  10  12  13 
6   8  11  12 
5  10  11  13 
4   9  10 
3   8   9  12 
3  6  7  8 
2  6  7 
2   5   6  11 
1   4   5  10 
1  3  4  9 
1  2  5 
1  2  3  7 

 
9  10  12  13 
8   9  13 
7  12  13 
6   7  11  12 
5  10  11  12 
5   6  11 
4   9  10 
3  4  8  9 
2   7   8  13 
2  6  7 
1   4   5  10 
1  3  4 
1  2  5  6 
1  2  3  8 

 
9  10  11  12 
8   9  12  13 
7  12  13 
7  11  12 
5   6  10  11 
4   9  10 
4  8  9 
3   7   8  13 
3   6   7  11 
2  5  6 
1   4   5  10 
1  3  4  8 
1  2  5 
1  2  3  6 

 
10  11  13 
8   9  12  13 
7  11  12  13 
5   6  10  11 
4   9  10  13 
4  8  9 
3   7   8  12 
3   6   7  11 
2  5  6 
1   4   5  10 
1  3  4  8 
1  2  5 
1  2  3  6 

 
11  12  13 
9  10  11  13 
7  12  13 
7   8   9  13 
6  11  12 
5   6  10  11 
4   5   9  10 
3  4  8  9 
2  7  8 
2   6   7  12 
1  4  5 
1  3  4 
1  2  5  6 
1  2  3  8 

 
11  12  13 
8  10  11  13 
7  12  13 
6  11  12 
5   6  10  11 
4   8   9  10 
4   5  10 
3  8  9 
3   7   8  13 
2   6   7  12 
1  4  5 
1  3  4  9 
1  2  5  6 
1  2  3  7 

 
11  12  13 
9  10  11  13 
7   8  12  13 
6  11  12 
5   6  10  11 
4   9  10 
4   5  10 
3   8   9  13 
2   6   7  12 
2  3  7  8 
1  4  5 
1  3  4  9 
1  2  5  6 
1  2  3 

 
9  10  12  13 
8  12  13 
7  10  11  12 
6  10  11 
5   6   9  10 
4   8   9  13 
4  5  9 
3   7   8  12 
2   6   7  11 
2  3  7 
1  4  5 
1  3  4  8 
1  2  5  6 
1  2  3 

 
10  11  12  13 
9  10  13 
8  12  13 
6   7  11  12 
5   6  10  11 
4   5   9  10 
3   8   9  13 
2   7   8  12 
2  6  7 
1  4  5 
1  3  4  9 
1  2  5  6 
1  2  3  8 

 
10  11  12  13 
9  10  13 
7   8  12  13 
6   7  11  12 
5   6  10  11 
4   5   9  10 
3   8   9  13 
2  7  8 
2  6  7 
1  4  5 
1  3  4  9 
1  2  5  6 
1  2  3  8 

 
10  11  12  13 
9  10  13 
7   8  12  13 
6  11  12 
5   6  10  11 
4   5   9  10 
3   8   9  13 
2  7  8 
2   6   7  12 
1  4  5 
1  3  4  9 
1  2  5  6 
1  2  3  8 

 
11  12  13 
8   9  12  13 
7  11  12 
6  10  11  13 
5   6  10 
4   9  10  13 
3  8  9 
3   7   8  12 
2   6   7  11 
1   4   5  10 
1  3  4  9 
1  2  5  6 
1  2  3  7 

 
11  12  13 
9  10  11  13 
7   8  12  13 
6   7  11  12 
5   6  10  11 
4   9  10 
3   8   9  13 
2  7  8 
2  6  7 
1   4   5  10 
1  3  4  9 
1  2  5  6 
1  2  3  8 

 
8  11  13 
6   7  12  13 
5   6  12 
4  11  12  13 
4   9  10  11 
3   9  10 
3   8   9  11 
2   7   8  13 
2  6  7 
1   4   5  12 
1   3   4  10 
1  2  5  6 
1  2  3  8 

 
8  11  13 
7  12  13 
5   6   7  12 
4  11  12  13 
4   9  10  11 
3   9  10 
3   8   9  11 
2   7   8  13 
2  6  7 
1   4   5  12 
1   3   4  10 
1  2  5  6 
1  2  3  8 

 
10  11  12  13 
7   9  12  13 
6   7  11  12 
5  10  11 
5   6  11 
4   9  10  13 
4  8  9 
3  7  8  9 
2  3  6  7 
1   4   5  10 
1  3  4  8 
1  2  5  6 
1  2  3 

 
7  10  12  13 
6  11  12  13 
5   6  11 
4  10  11  13 
4   8   9  10 
3  8  9 
3   7   8  10 
2   6   7  12 
2  5  6 
1   4   5  11 
1  3  4  9 
1  2  5 
1  2  3  7 

 
8  12  13 
8  10  11  12 
6   7  12  13 
5   6  11  12 
4   9  10 
4   5  10  11 
3   8   9  10 
3   7   8  13 
2  6  7 
1  4  5 
1  3  4  9 
1  2  5  6 
1  2  3  7 

 
10  11  13 
8   9  12  13 
7  11  12  13 
5   6   7  11 
4   9  10  13 
4   5  10  11 
3  8  9 
2   7   8  12 
2  6  7 
1  4  5 
1  3  4  9 
1  2  5  6 
1  2  3  8 

 
11  12  13 
10  11  13 
8   9  10  13 
7   8  12  13 
6   7  11  12 
5   9  10 
5   6  10  11 
3  4  8  9 
2  6  7 
2  3  7  8 
1  4  5  9 
1  3  4 
1  2  5  6 
1  2  3 

 
10  11  13 
9  10  12  13 
8   9  12 
7  11  12  13 
6   7  11 
5   6  10  11 
4   5   9  10 
3  4  8  9 
2   7   8  12 
2  6  7 
1  4  5 
1  3  4 
1  2  5  6 
1  2  3  8 

 
9  10  12  13 
7  11  12  13 
7   8  12 
6  10  11  13 
5   6  10 
4   5   9  10 
3   8   9  12 
2   6   7  11 
2  3  7  8 
1  4  5 
1  3  4  9 
1  2  5  6 
1  2  3 

 
9  10  13 
8   9  11  13 
7   8  11  12 
6  11  12 
6  10  11  13 
4   5   9  10 
3  7  8 
3  4  8  9 
2   6   7  12 
2   5   6  10 
1  4  5 
1  3  4 
1  2  5 
1  2  3  7 

 
11  12  13 
9  10  11  13 
7   8  12  13 
6   7  11  12 
5   6  10  11 
4   9  10 
4   5  10 
3   8   9  13 
2  6  7 
2  3  7  8 
1  4  5 
1  3  4  9 
1  2  5  6 
1  2  3 

 
10  11  13 
9  11  12  13 
7   8   9  12 
6  11  12 
5   6  10  11 
4   9  10  13 
3  7  8 
3  4  8  9 
2   6   7  12 
2  5  6 
1   4   5  10 
1  3  4 
1  2  5 
1  2  3  7 

 
9  12  13 
7  10  11  12 
7   8  12  13 
6  10  11 
5   9  10  12 
4   8   9  13 
4  5  9 
3  7  8 
3   6   7  11 
2   5   6  10 
1  3  4  8 
1  2  4  5 
1  2  3  6 

 
9  10  13 
8  11  12  13 
8   9  13 
7  11  12 
6  10  11  13 
5   6  10 
4   5   9  10 
3   7   8  12 
3  4  8  9 
2   6   7  11 
1  4  5 
1  3  4 
1  2  5  6 
1  2  3  7 

 
9  12  13 
7   8   9  12 
6  11  12  13 
5  10  11  13 
4   9  10  13 
3  7  8 
3  4  8  9 
2   6   7  12 
2   5   6  11 
1   4   5  10 
1  3  4 
1  2  5 
1  2  3  7 

 
10  11  13 
9  12  13 
7   8   9  12 
6  11  12  13 
5  10  11 
4   9  10  13 
3  7  8 
3  4  8  9 
2   6   7  12 
2   5   6  11 
1   4   5  10 
1  3  4 
1  2  5 
1  2  3  7 

 
9  10  11  13 
8  12  13 
7  11  12  13 
7   8  12 
5   6  10  11 
4   9  10 
4   5  10 
3   8   9  13 
2   6   7  11 
2  3  7  8 
1  4  5 
1  3  4  9 
1  2  5  6 
1  2  3 

 
11  12  13 
8   9  10  13 
7   8  12  13 
6  11  12 
6  10  11  13 
5   9  10 
4  5  9 
3  7  8 
3  4  8  9 
2   6   7  12 
2   5   6  10 
1  3  4 
1  2  4  5 
1  2  3  7 

 
9  10  11  13 
7  11  12  13 
6  11  12 
6  10  11 
5   9  10 
4   8   9  13 
4  5  9 
3   7   8  13 
2   6   7  12 
2   5   6  10 
1  3  4  8 
1  2  4  5 
1  2  3  7 

 
9  10  11  12 
8   9  12  13 
7  12  13 
7  11  12 
6  10  11 
5   6  10 
4   5   9  10 
3  4  8  9 
2   7   8  13 
2   6   7  11 
1  4  5 
1  3  4 
1  2  5  6 
1  2  3  8 

 
9  10  11  12 
8   9  12  13 
7  12  13 
7  11  12 
5   6  10  11 
4   5   9  10 
3  4  8  9 
2   7   8  13 
2   6   7  11 
1  4  5 
1  3  4 
1  2  5  6 
1  2  3  8 

 
10  11  13 
9  10  13 
8   9  12  13 
7  11  12  13 
6   7  11 
5   6  10  11 
4   5   9  10 
3  4  8  9 
2   7   8  12 
2  6  7 
1  4  5 
1  3  4 
1  2  5  6 
1  2  3  8 

 
9  10  12  13 
8   9  12 
7  11  12  13 
6  10  11  13 
5   6  10 
4  8  9 
4   5   9  10 
3   7   8  12 
2   6   7  11 
2  5  6 
1  3  4  8 
1  2  4  5 
1  2  3  7 

 
8   9  11  12 
7   8  12  13 
6  12  13 
6  11  12 
5   9  10  11 
4   9  10 
3  7  8 
3  4  8  9 
2   6   7  13 
2   5   6  11 
1   4   5  10 
1  3  4 
1  2  5 
1  2  3  7 

 
8  10  12  13 
8   9  13 
6  10  11  12 
4  10  11 
4   9  10  13 
3  8  9 
3   7   8  12 
2   6   7  12 
2   5   6  11 
1   4   5  11 
1  3  4  9 
1  2  5 
1  2  3  7 

 
7   8  12  13 
6   7  12 
5  11  12  13 
5   6  12 
4   9  11  13 
4   9  10 
3   9  10 
3   8   9  13 
2  7  8 
2  6  7 
1   4   5  11 
1   3   4  10 
1  2  5  6 
1  2  3  8 

 
7   9  12  13 
6   7  12 
5  11  12  13 
5   6  12 
4  10  11  13 
3   9  10  13 
3  8  9 
2  7  8  9 
2  6  7 
1   4   5  11 
1   3   4  10 
1  2  5  6 
1  2  3  8 

 
8  10  13 
8  10  11  12 
5   6  11  12 
4   9  10  13 
4   5  10  11 
3   8   9  13 
3   7   8  12 
2   6   7  12 
1  4  5 
1  3  4  9 
1  2  5  6 
1  2  3  7 

 
8  10  13 
8  10  11  12 
5   6  11  12 
4  10  11 
4   9  10  13 
3   8   9  13 
3   7   8  12 
2   6   7  12 
2  5  6 
1   4   5  11 
1  3  4  9 
1  2  5 
1  2  3  7 

 
8  11  12  13 
8   9  10  13 
5   6  11  12 
4  10  11  13 
4   9  10 
3  8  9 
3   7   8  12 
2   6   7  12 
1   4   5  11 
1  3  4  9 
1  2  5  6 
1  2  3  7 

 
8  11  12  13 
8   9  10  13 
5   6  11  12 
4  10  11  13 
4   9  10 
3  8  9 
3   7   8  12 
2   6   7  12 
2  5  6 
1   4   5  11 
1  3  4  9 
1  2  5 
1  2  3  7 

 
10  11  13 
8  11  12  13 
8   9  13 
5   6  11  12 
4   9  10  13 
4   5  10  11 
3  8  9 
3   7   8  12 
2   6   7  12 
1  4  5 
1  3  4  9 
1  2  5  6 
1  2  3  7 

 
7  10  12  13 
6  12  13 
6  11  12 
4  10  11  12 
4   8   9  10 
3  8  9 
3   7   8  10 
2   6   7  13 
2   5   6  11 
1   4   5  11 
1  3  4  9 
1  2  5 
1  2  3  7 

 
10  11  12  13 
9  10  13 
8  12  13 
6   7  11  12 
5   6  11 
4   5  10  11 
3   8   9  13 
3   4   9  10 
2   7   8  12 
2  6  7 
1  4  5 
1  3  4 
1  2  5  6 
1  2  3  8 

 
10  11  12  13 
9  10  13 
8  12  13 
7  11  12 
5   6   7  11 
4   5  10  11 
3   8   9  13 
3   4   9  10 
2   7   8  12 
2  6  7 
1  4  5 
1  3  4 
1  2  5  6 
1  2  3  8 

 
8  10  11  13 
8   9  10 
6   7  12  13 
5  11  12  13 
4  10  11 
4   9  10 
3  8  9 
3   7   8  13 
2  6  7 
2   5   6  12 
1   4   5  11 
1  3  4  9 
1  2  5 
1  2  3  7 

 
9  10  11  12 
7   9  12  13 
7   8  13 
6  11  12 
5  10  11 
5   6  11 
3   8   9  13 
3   4   9  10 
2  7  8 
2   6   7  12 
1   4   5  10 
1  3  4 
1  2  5  6 
1  2  3  8 

 
7   9  13 
7   9  11  12 
5   6  12 
4  10  11 
4   5  11  12 
3   9  10  11 
3   8   9  13 
2   7   8  13 
2   6   7  12 
1  4  5 
1   3   4  10 
1  2  5  6 
1  2  3  8 

 
6   8  13 
6   8  10  12 
5  11  12 
4  10  11  12 
4   9  10 
3   8   9  10 
3   7   8  13 
2   6   7  13 
2   5   6  12 
1   4   5  11 
1  3  4  9 
1  2  5 
1  2  3  7 

 
10  11  13 
6   8  12 
6   8  11  13 
4   9  10  13 
4   5  10  11 
3   8   9  13 
3   7   8  12 
2   6   7  12 
2   5   6  11 
1  4  5 
1  3  4  9 
1  2  5 
1  2  3  7 

 
10  11  13 
7  11  12  13 
7   9  10  13 
5   6  11  12 
4   5  10  11 
3  8  9 
3   4   9  10 
2  7  8  9 
2   6   7  12 
1  4  5 
1  3  4 
1  2  5  6 
1  2  3  8 

 
10  11  12  13 
7  12  13 
7   8   9  13 
6  11  12 
5   6  11 
4   5  10  11 
3   9  10  13 
3  8  9 
2  7  8 
2   6   7  12 
1  4  5 
1   3   4  10 
1  2  5  6 
1  2  3  8 

 
8  12  13 
8  10  13 
6  11  12  13 
6   7  12 
4  10  11  13 
4   9  10 
3   8   9  10 
3   7   8  12 
2  6  7 
2   5   6  11 
1   4   5  11 
1  3  4  9 
1  2  5 
1  2  3  7 

 
8  11  12  13 
6  10  11  13 
6   7  11  12 
4   9  10  13 
4   5  10 
3   8   9  13 
3   7   8  12 
2  6  7 
2   5   6  10 
1  4  5 
1  3  4  9 
1  2  5 
1  2  3  7 

 
9  12  13 
7  12  13 
6   9  11  12 
5  10  11 
4   9  10  11 
4   8   9  13 
3   7   8  13 
3   6   7  12 
2   5   6  11 
1   4   5  10 
1  3  4  8 
1  2  5 
1  2  3  6 

 
7  11  12 
7  10  12  13 
6  10  11  12 
5   9  10  13 
4   8   9  13 
4  5  9 
3   7   8  13 
3   6   7  11 
2   5   6  10 
1  3  4  8 
1  2  4  5 
1  2  3  6 

 
7  11  12 
7  10  12  13 
6  10  11  12 
5   9  10  13 
4   8   9  13 
3   7   8  13 
3   6   7  11 
2   5   6  10 
1  4  5  9 
1  3  4  8 
1  2  5 
1  2  3  6 

 
9  12  13 
7   9  12 
6  11  12  13 
5   6  11 
4  10  11  13 
4   5  11 
3   9  10  13 
3  7  8  9 
2  7  8 
2   6   7  12 
1  4  5 
1   3   4  10 
1  2  5  6 
1  2  3  8 

 
11  12  13 
8  12  13 
8   9  10  13 
7  11  12 
6  10  11  13 
4   9  10 
4   5   6  10 
3  8  9 
3   7   8  12 
2   6   7  11 
2  5  6 
1  4  5 
1  3  4  9 
1  2  5 
1  2  3  7 

 
8  10  13 
8  10  11  12 
6  11  12 
5   6  11 
4   9  10  13 
4   5  10  11 
3   8   9  13 
3   7   8  12 
2   6   7  12 
1  4  5 
1  3  4  9 
1  2  5  6 
1  2  3  7 

 
8  10  12  13 
8   9  10 
6  12  13 
5   6  11  12 
4  10  11  12 
4   9  10 
3  8  9 
3   7   8  13 
2   6   7  13 
1   4   5  11 
1  3  4  9 
1  2  5  6 
1  2  3  7 

 
11  12  13 
7   9  12  13 
7  8  9 
5   6  11  12 
4  10  11  13 
4   5  11 
3   9  10  13 
3  8  9 
2  7  8 
2   6   7  12 
1  4  5 
1   3   4  10 
1  2  5  6 
1  2  3  8 

 
10  12  13 
9  10  13 
6   8  12  13 
5   6  11  12 
4  10  11  12 
4   9  10 
3   8   9  13 
3  7  8 
2  6  7  8 
2  5  6 
1   4   5  11 
1  3  4  9 
1  2  5 
1  2  3  7 

 
10  12  13 
8   9  10  13 
6   7  12  13 
5   6  11  12 
4  10  11  12 
4   9  10 
3  8  9 
3   7   8  13 
2  6  7 
2  5  6 
1   4   5  11 
1  3  4  9 
1  2  5 
1  2  3  7 

 
9  11  12  13 
7  12  13 
6   7  12 
5   6  11  12 
4   9  10  11 
4   5  11 
3   9  10 
3   8   9  13 
2   7   8  13 
2  6  7 
1  4  5 
1   3   4  10 
1  2  5  6 
1  2  3  8 

 
10  11  12  13 
9  10  13 
7   8  12  13 
6   7  11  12 
5   6  11 
4   9  10 
4   5  10  11 
3   8   9  13 
2  6  7 
2  3  7  8 
1  4  5 
1  3  4  9 
1  2  5  6 
1  2  3 

 
8   9  12  13 
6   9  11  12 
6   7  12  13 
5  10  11 
4   9  10  11 
3   7   8  13 
3  4  8  9 
2  6  7 
2   5   6  11 
1   4   5  10 
1  3  4 
1  2  5 
1  2  3  7 

 
10  11  12  13 
8  12  13 
6  11  12 
6   7   8  12 
5  10  11 
4   9  10  13 
3   8   9  13 
3  7  8 
2  6  7 
2   5   6  11 
1   4   5  10 
1  3  4  9 
1  2  5 
1  2  3  7 

 
7  10  12  13 
5  11  12 
5   6  12  13 
4  10  11  12 
3  8  9 
3   7   9  10 
2  7  8  9 
2   6   7  13 
1   4   5  11 
1   3   4  10 
1  2  5  6 
1  2  3  8 

 
8  11  12  13 
6  12  13 
5  11  12 
4   9  10 
4   8  10  11 
3   8   9  10 
3   7   8  13 
2   6   7  13 
2   5   6  12 
1   4   5  11 
1  3  4  9 
1  2  5 
1  2  3  7 

 
7  10  11  13 
6  12  13 
5  11  12  13 
5   6  12 
4  10  11 
3  8  9 
3   7   9  10 
2  7  8  9 
2   6   7  13 
1   4   5  11 
1   3   4  10 
1  2  5  6 
1  2  3  8 

 
11  12  13 
7  10  12  13 
5   6  11  12 
4  10  11  13 
4   5  11 
3  8  9 
3   7   9  10 
2  7  8  9 
2   6   7  12 
1  4  5 
1   3   4  10 
1  2  5  6 
1  2  3  8 

 
7   8  11  13 
5  12  13 
5   6   7  13 
4  11  12  13 
4   9  10  11 
3   9  10 
3   8   9  11 
2  7  8 
2  6  7 
1   4   5  12 
1   3   4  10 
1  2  5  6 
1  2  3  8 

 
8  10  12  13 
6  12  13 
5   6  11  12 
4  10  11  12 
4   9  10 
3   8   9  10 
3   7   8  13 
2   6   7  13 
2  5  6 
1   4   5  11 
1  3  4  9 
1  2  5 
1  2  3  7 

 
10  11  12  13 
7   8  12  13 
6   7  11  12 
5   6  11 
4   9  10  13 
4   5  10  11 
3   8   9  13 
2  6  7 
2  3  7  8 
1  4  5 
1  3  4  9 
1  2  5  6 
1  2  3 

 
7   9  11  13 
5  11  12  13 
5   6  13 
4  11  12 
4   9  10  11 
3   9  10 
3  7  8  9 
2  7  8 
2   6   7  13 
1   4   5  12 
1   3   4  10 
1  2  5  6 
1  2  3  8 

 
9  12  13 
7  11  12  13 
5   6   7  11 
4  10  11  13 
4   5  11 
3   9  10  13 
3   8   9  12 
2   7   8  12 
2  6  7 
1  4  5 
1   3   4  10 
1  2  5  6 
1  2  3  8 

 
7   9  12  13 
6  10  11  12 
5   6  11 
4  10  11 
4   5  11 
3   9  10  12 
3   8   9  13 
2   7   8  13 
2   6   7  12 
1  4  5 
1   3   4  10 
1  2  5  6 
1  2  3  8 

 
7   9  13 
6  10  11  13 
5   6  11  12 
4  11  12 
4  10  11 
3   9  10  13 
3  7  8  9 
2  7  8 
2   6   7  13 
1   4   5  12 
1   3   4  10 
1  2  5  6 
1  2  3  8 

 
7   9  13 
6  10  12  13 
5  11  12 
5   6  12 
4  10  11  12 
3   9  10  13 
3  7  8  9 
2  7  8 
2   6   7  13 
1   4   5  11 
1   3   4  10 
1  2  5  6 
1  2  3  8 

 
7   9  13 
7   9  12 
6  10  11  12 
5   6  11 
4  10  11 
4   5  11 
3   9  10  12 
3   8   9  13 
2   7   8  13 
2   6   7  12 
1  4  5 
1   3   4  10 
1  2  5  6 
1  2  3  8 

 
10  11  12 
7   8  13 
6   9  12  13 
5   6  11  12 
4  10  11 
4   9  10  12 
3   8   9  13 
3  7  8 
2   6   7  13 
2  5  6 
1   4   5  11 
1  3  4  9 
1  2  5 
1  2  3  7 

 
10  11  12 
7   8  13 
6   9  12  13 
5   6  11  12 
4   9  10  12 
4   5  10  11 
3   8   9  13 
2   6   7  13 
2  3  7  8 
1  4  5 
1  3  4  9 
1  2  5  6 
1  2  3 

 
11  12  13 
6   7  10  13 
5   6  12  13 
4  10  11  13 
4   5  11  12 
3  8  9 
3   7   9  10 
2  7  8  9 
2  6  7 
1  4  5 
1   3   4  10 
1  2  5  6 
1  2  3  8 

 
7   8  13 
6   9  12  13 
5  10  11 
5   6  10  12 
4  10  11 
4   9  10  12 
3   8   9  13 
2   6   7  13 
2  3  7  8 
1   4   5  11 
1  3  4  9 
1  2  5  6 
1  2  3 

 
6   7  10  13 
5  11  12 
5   6  11  13 
4  11  12 
4  10  11  13 
3  8  9 
3   7   9  10 
2  7  8  9 
2  6  7 
1   4   5  12 
1   3   4  10 
1  2  5  6 
1  2  3  8 

 
8   9  13 
7  10  12  13 
6   7  11  12 
5  10  11  12 
5   6  11 
4   9  10  13 
4  8  9 
3   7   8  13 
2  3  6  7 
1   4   5  10 
1  3  4  8 
1  2  5  6 
1  2  3 

 
11  12  13 
7  10  11  13 
6  12  13 
5   6  12 
4  10  11 
4   5  11  12 
3  8  9 
3   7   9  10 
2  7  8  9 
2   6   7  13 
1  4  5 
1   3   4  10 
1  2  5  6 
1  2  3  8 

 
