List of polyhedra with 8 vertices and degrees less or equal 4 in both primal and dual 
Total number: 18 
It includes duals to polytopes with 8 or less vertices... 
 
4  6  7  8 
3  7  8 
2  6  7 
2  5  6 
1  4  5  6 
1  3  4  8 
1  2  5 
1  2  3  7 

 
4  7  8 
3  7  8 
2  5  6 
2  4  6  7 
1  4  5  6 
1  3  4  8 
1  2  5 
1  2  3  7 

 
6  7  8 
3  7  8 
3  6  7 
2  4  6  8 
2  4  5 
1  4  5 
1  3  4  8 
1  2  5 
1  2  3  6 

 
4  6  7  8 
3  7  8 
3  4  8 
2  6  7 
2  5  6 
1  4  5  6 
1  3  4 
1  2  5 
1  2  3  7 

 
6  7  8 
5  6  8 
3  4  7  8 
2  6  7 
1  4  5  8 
1  3  4 
1  2  5  6 
1  2  3  7 

 
4  6  7  8 
3  4  7 
2  6  7 
2  5  6  8 
1  4  5  8 
1  3  4 
1  2  5 
1  2  3  7 

 
6  7  8 
3  4  7  8 
2  6  7 
2  5  6  8 
1  4  5  8 
1  3  4 
1  2  5 
1  2  3  7 

 
4  6  7  8 
3  6  7 
2  5  6  8 
1  4  5  8 
1  3  4  7 
1  2  5 
1  2  3  6 

 
6  7  8 
4  5  6  8 
3  4  7  8 
2  6  7 
1  4  5 
1  3  4 
1  2  5  6 
1  2  3  7 

 
4  5  7  8 
3  6  7  8 
2  5  6  8 
1  4  5 
1  3  4  7 
1  2  5 
1  2  3  6 

 
4  5  7  8 
3  6  7  8 
2  5  6  8 
1  3  4  7 
1  2  4  5 
1  2  3  6 

 
6  7  8 
4  5  8 
3  4  7  8 
2  5  6  8 
2  3  6  7 
1  4  5 
1  3  4 
1  2  5 
1  2  3 

 
4  7  8 
4  5  8 
3  6  7  8 
2  5  6  8 
2  3  6 
1  4  5 
1  3  4  7 
1  2  5 
1  2  3 

 
4  5  7  8 
3  6  7  8 
2  5  6  8 
2  3  6 
1  4  5 
1  3  4  7 
1  2  5 
1  2  3 

 
4  5  7  8 
3  7  8 
3  6  7 
2  5  6  7 
1  4  5 
1  3  4  8 
1  2  5 
1  2  3  6 

 
5  6  7 
4  5  7  8 
3  4  8 
2  6  7 
2  3  7  8 
1  4  5 
1  3  4 
1  2  5  6 
1  2  3 

 
4  7  8 
4  5  6  7 
2  6  7 
2  3  7  8 
1  4  5 
1  3  4  8 
1  2  5  6 
1  2  3 

 
6  7  8 
4  7  8 
4  5  8 
3  6  7 
2  5  6  8 
2  3  6 
1  4  5 
1  3  4  7 
1  2  5 
1  2  3 

 
